0.9682949741662752
0.962054619875193
0.9382003623431525
0.9170301281621149
0.8821042743071865
0.855767295175468
0.8476145742467961
0.8221499027041536
0.8249681272227068
0.8075890760249613
0.7928604978863316
0.7843387237468966
0.7717573642890694
0.7589747030799168
0.745487485741126
0.7481379588002417
0.7299872508890828
0.7248205059384017
0.7178420452257935
0.7122055961886868
0.7146547674964773
0.7100583775078844
0.6995571361470846
0.693551633899215
0.683788498959941
0.6738911628531168
0.6451721129973831
0.6169563175199624
0.5745151982822251
0.5075152653828088
0.42082131114540694
0.3312420318056767
0.28276186002818227
0.2546131651345367
0.22784003220828022
0.19680601221230626
0.1797960142253238
0.2363282560558277
0.2059652418976045
0.11360128833120849
0.09474602429041132
0.04737301214520566
0.10632087499161244
0.08146010870294572
