0.9857044328798045
0.9750141074675529
0.9554517524609693
0.9329738541601355
0.8970468367922755
0.8636278136560286
0.8738165402219575
0.8460091541789454
0.8567308295190922
0.8322778857608627
0.8156937739043201
0.8091416389742303
0.7902689823813405
0.7697034296821118
0.744999686500721
0.7542165653018998
0.7326791648379208
0.7220515392814596
0.7135557088218697
0.700169289610634
0.6929274562668506
0.6809204338830022
0.6620477772901123
0.6491629569251991
0.6342403912471001
0.6132672894852341
0.5969026271239576
0.575427926515769
0.5599724120634523
0.22208288920935482
0.5102827763496144
0.4760486550880933
0.4369552950028215
0.3972035864317512
0.3471691015110665
0.28503354442284784
0.21042071603235313
0.17207975421656532
0.15010345476205406
0.12505486237381652
0.1175622296068719
0.10044516897611136
0.07818672017054361
0.10721675340146719
0.09038184212176312
