0.9757211306556901
0.9422452326590989
0.8817570826767855
0.8151911759976846
0.7786924783741197
0.7937421616233077
0.7594623275557127
0.7755732064186256
0.737370164324533
0.7251503360452776
0.6915779657201658
0.6827989838248062
0.6673955687043767
0.651123902627263
0.6317651220374956
0.6357526449496737
0.605331704022896
0.5880309997748979
0.5683184873138888
0.5348747467601376
0.5143261407852847
0.4775701836189986
0.42479981991832005
0.3803903913560794
0.31443547609094125
0.2623725761327459
0.2239122744959321
0.19554940991092387
0.19181914654146703
0.16290960542817637
0.15162234299128532
0.13374280477216452
0.1172781940380101
0.10946393542785476
0.10406148503071036
0.08717882753963405
0.09399620542174486
0.0795575135865196
0.06598707270797825
0.0542496060713252
0.04637103257548959
0.046724764446731196
0.03926423770781747
0.03878187606521529
0.03157860886902273
0.03231823005434608
0.030067209055535903
0.02476123098691192
